16384
16
41864
74080
103488
131836
158832
184360
206794
225058
238530
248294
254425
258063
260165
261210
261733
261977
262091
262120
262136
262142
262143
262143
262143
262144
262144
262144
262144
262144
262144
262144
262144
262144
262144
262144
262144
262144
262144
262144
262144
262144
262144
262144
262144
262144
262144
262144
262144
262144
262144
262144
262144
262144
262144
262144
262144
262144
262144
262144
262144
262144
262144
262144
262144
262144
262144
262144
262144
262144
262144
262144
262144
262144
262144
262144
262144
262144
262144
262144
262144
262144
262144
262144
262144
262144
262144
262144
262144
262144
262144
262144
262144
262144
262144
262144
262144
262144
262144
262144
262144
262144
262144
262144
262144
262144
262144
262144
262144
262144
262144
262144
262144
262144
262144
262144
262144
262144
262144
262144
262144
262144
262144
262144
262144
262144
262144
262144
262144
262144
262144
262144
262144
262144
262144
262144
262144
262144
262144
262144
262144
262144
262144
262144
262144
262144
262144
262144
262144
262144
262144
262144
262144
262144
262144
262144
262144
262144
262144
262144
262144
262144
262144
262144
262144
262144
262144
262144
262144
262144
262144
262144
262144
262144
262144
262144
262144
262144
262144
262144
262144
262144
262144
262144
262144
262144
262144
262144
262144
262144
262144
262144
262144
262144
262144
262144
262144
262144
262144
262144
262144
262144
262144
262144
262144
262144
262144
262144
262144
262144
262144
262144
262144
262144
262144
262144
262144
262144
262144
262144
262144
262144
262144
262144
262144
262144
262144
262144
262144
262144
262144
262144
262144
262144
262144
262144
262144
262144
262144
262144
262144
262144
262144
262144
262144
262144
262144
262144
262144
262144
262144
262144
262144
262144
262144
262144
262144
262144
262144
262144
262144
262144
262144
262144
262144
262144
262144
262144
262144
262144
262144
262144
262144
262144
262144
262144
262144
262144
262144
262144
262144
262144
262144
262144
262144
262144
262144
262144
262144
262144
262144
262144
262144
262144
262144
262144
262144
262144
262144
262144
262144
262144
262144
262144
262144
262144
262144
262144
262144
262144
262144
262144
262144
262144
262144
262144
262144
262144
262144
262144
262144
262144
262144
262144
262144
262144
262144
262144
262144
262144
262144
262144
262144
262144
262144
262144
262144
262144
262144
262144
262144
262144
262144
262144
262144
262144
262144
262144
262144
262144
262144
262144
262144
262144
262144
262144
262144
262144
262144
262144
262144
262144
262144
262144
262144
262144
262144
262144
262144
262144
262144
262144
262144
262144
262144
262144
262144
262144
262144
262144
262144
262144
262144
262144
262144
262144
262144
262144
262144
262144
262144
262144
262144
262144
262144
262144
262144
262144
262144
262144
262144
262144
262144
262144
262144
262144
262144
262144
262144
262144
262144
262144
262144
262144
262144
262144
262144
262144
262144
262144
262144
262144
262144
262144
262144
262144
262144
262144
262144
262144
262144
262144
262144
262144
262144
262144
262144
262144
262144
262144
262144
262144
262144
262144
262144
262144
262144
262144
262144
262144
262144
262144
262144
262144
262144
262144
262144
262144
262144
262144
262144
262144
262144
262144
262144
262144
262144
262144
262144
262144
262144
262144
262144
262144
262144
262144
262144
262144
262144
262144
262144
262144
262144
262144
262144
262144
262144
262144
262144
262144
262144
262144
262144
262144
262144
262144
262144
262144
262144
262144
262144
