16384
16
12928
22680
30344
36535
42421
47948
51904
54846
57265
59581
61540
63927
64758
65890
67662
68680
69572
70562
71132
71655
72046
72576
72998
73409
73841
74223
74738
75129
75478
75833
76353
76686
77063
77331
77765
78054
78292
78586
78914
79193
79473
79751
80089
80356
80666
80978
81223
81528
81815
82059
82371
82624
82882
83121
83432
83686
83932
84207
84496
84763
85043
85345
85589
85883
86131
86417
86691
86905
87176
87439
87695
87946
88142
88468
88720
88935
89179
89455
89721
90017
90269
90520
90797
91074
91312
91524
91748
91973
92234
92470
92690
92980
93208
93467
93703
93966
94254
94497
94711
95002
95237
95485
95726
95977
96226
96457
96694
97006
97273
97531
97760
97936
98178
98447
98714
98945
99187
99448
99671
99910
100158
100416
100635
100893
101130
101390
101651
101927
102200
102463
102662
102907
103107
103375
103589
103781
104032
104249
104525
104736
104971
105185
105425
105662
105910
106132
106410
106615
106828
107123
107407
107600
107825
108073
108331
108553
108796
109028
109282
109533
109783
109998
110256
110483
110687
110944
111197
111460
111745
112001
112263
112517
112770
113037
113287
113520
113769
114038
114275
114488
114744
114989
115273
115560
115838
116084
116319
116504
116701
116925
117109
117350
117592
117883
118074
118344
118581
118780
119006
119235
119474
119728
119981
120209
120442
120669
120914
121154
121394
121617
121898
122122
122421
122680
122934
123197
123464
123674
123920
124186
124439
124650
124863
125130
125366
125612
125833
126066
126320
126577
126804
127031
127298
127526
127786
128032
128258
128482
128705
128968
129219
129444
129704
129937
130175
130443
130705
130931
131163
131412
131642
131899
132149
132353
132569
132842
133090
133312
133567
133784
134007
134235
134532
134760
134978
135210
135437
135677
135894
136109
136348
136574
136826
137057
137306
137556
137753
138004
138246
138507
138741
138989
139216
139434
139669
139898
140132
140363
140638
140856
141141
141400
141638
141953
142153
142420
142627
142869
143113
143319
143590
143836
144123
144361
144647
144879
145138
145383
145594
145829
146026
146266
146517
146746
146959
147197
147426
147649
147885
148113
148356
148588
148831
149083
149316
149517
149777
150009
150255
150480
150703
150981
151204
151442
151689
151911
152157
152426
152670
152885
153103
153384
153549
153774
154020
154234
154436
154686
154898
155152
155393
155626
155871
156091
156347
156571
156778
156972
157208
157469
157700
157917
158159
158411
158631
158895
159107
159342
159535
159775
160016
160272
160525
160745
160969
161204
161461
161678
161926
162180
162408
162650
162883
163098
163319
163511
163720
163939
164192
164414
164615
164869
165133
165383
165604
165855
166073
166287
166487
166689
166879
167097
167344
167615
167885
168060
168294
168533
168760
168997
169181
169398
169612
169846
170034
170223
170411
170661
170859
171062
171288
171485
171719
171961
172161
172361
172588
172766
172991
173240
173485
173727
173971
174162
174396
174663
174894
175129
175351
175568
175778
176003
176222
176428
176652
176870
177063
177301
177514
177752
177994
178249
178452
178627
178842
179078
179333
179575
179810
180023
180227
180431
180631
180868
181060
181326
181547
181769
181945
182138
182337
182574
182806
183015
183242
183425
183641
183866
184061
184279
184489
184767
184989
185179
185388
185601
185834
186028
186236
186439
186619
186846
187078
187334
187505
187693
187870
188072
188270
