16384
16
7963
13528
19992
24923
30169
35364
40495
45858
51071
55880
60085
65078
69169
73714
78115
82069
86600
90989
94694
98573
102656
106353
109735
113984
117126
120844
124549
128365
132113
135865
139443
142518
146972
149932
153606
156853
159900
163025
166610
169864
172916
176231
179307
182191
185549
188676
191289
194103
196519
199457
202094
204715
207440
209698
212261
214762
217161
219325
221357
223346
225261
227123
228927
230559
232381
234247
235732
237173
238668
240058
241521
242775
243934
245150
246241
247186
248046
248931
249881
250675
251410
252107
252713
253397
253954
254555
255106
255704
256142
256623
257048
257390
257698
258028
258311
258624
258853
259113
259320
259500
259706
259913
260113
260285
260450
260601
260735
260831
260931
261030
261112
261208
261279
261355
261423
261479
261537
261601
261636
261687
261723
261770
261815
261854
261874
261893
261906
261925
261945
261965
261983
261998
262014
262025
262040
262054
262060
262066
262071
262076
262088
262091
262096
262102
262105
262107
262110
262110
262116
262118
262120
262120
262121
262121
262122
262125
262129
262129
262131
262132
262133
262134
262137
262137
262138
262139
262140
262141
262142
262142
262142
262142
262142
262142
262142
262143
262144
262144
262144
262144
262144
262144
262144
262144
262144
262144
262144
262144
262144
262144
262144
262144
262144
262144
262144
262144
262144
262144
262144
262144
262144
262144
262144
262144
262144
262144
262144
262144
262144
262144
262144
262144
262144
262144
262144
262144
262144
262144
262144
262144
262144
262144
262144
262144
262144
262144
262144
262144
262144
262144
262144
262144
262144
262144
262144
262144
262144
262144
262144
262144
262144
262144
262144
262144
262144
262144
262144
262144
262144
262144
262144
262144
262144
262144
262144
262144
262144
262144
262144
262144
262144
262144
262144
262144
262144
262144
262144
262144
262144
262144
262144
262144
262144
262144
262144
262144
262144
262144
262144
262144
262144
262144
262144
262144
262144
262144
262144
262144
262144
262144
262144
262144
262144
262144
262144
262144
262144
262144
262144
262144
262144
262144
262144
262144
262144
262144
262144
262144
262144
262144
262144
262144
262144
262144
262144
262144
262144
262144
262144
262144
262144
262144
262144
262144
262144
262144
262144
262144
262144
262144
262144
262144
262144
262144
262144
262144
262144
262144
262144
262144
262144
262144
262144
262144
262144
262144
262144
262144
262144
262144
262144
262144
262144
262144
262144
262144
262144
262144
262144
262144
262144
262144
262144
262144
262144
262144
262144
262144
262144
262144
262144
262144
262144
262144
262144
262144
262144
262144
262144
262144
262144
262144
262144
262144
262144
262144
262144
262144
262144
262144
262144
262144
262144
262144
262144
262144
262144
262144
262144
262144
262144
262144
262144
262144
262144
262144
262144
262144
262144
262144
262144
262144
262144
262144
262144
262144
262144
262144
262144
262144
262144
262144
262144
262144
262144
262144
262144
262144
262144
262144
262144
262144
262144
262144
262144
262144
262144
262144
262144
262144
262144
262144
262144
262144
262144
262144
262144
262144
262144
262144
262144
262144
262144
262144
262144
262144
262144
262144
262144
262144
262144
262144
262144
262144
262144
262144
262144
262144
262144
262144
262144
262144
262144
262144
262144
262144
262144
262144
262144
262144
262144
262144
262144
262144
262144
262144
262144
262144
262144
262144
262144
262144
262144
262144
262144
262144
262144
262144
262144
262144
