16384
16
7429
13743
21044
28856
35644
43457
51371
59291
67214
74622
82519
90332
97632
105445
111721
117997
125298
132087
139900
147200
155013
162313
169613
177097
184221
191630
199337
206449
213345
221229
229041
236854
243633
248886
252782
256677
258849
260385
260385
261731
261839
262144
262144
262144
262144
262144
262144
262144
262144
262144
262144
262144
262144
262144
262144
262144
262144
262144
262144
262144
262144
262144
262144
262144
262144
262144
262144
262144
262144
262144
262144
262144
262144
262144
262144
262144
262144
262144
262144
262144
262144
262144
262144
262144
262144
262144
262144
262144
262144
262144
262144
262144
262144
262144
262144
262144
262144
262144
262144
262144
262144
262144
262144
262144
262144
262144
262144
262144
262144
262144
262144
262144
262144
262144
262144
262144
262144
262144
262144
262144
262144
262144
262144
262144
262144
262144
262144
262144
262144
262144
262144
262144
262144
262144
262144
262144
262144
262144
262144
262144
262144
262144
262144
262144
262144
262144
262144
262144
262144
262144
262144
262144
262144
262144
262144
262144
262144
262144
262144
262144
262144
262144
262144
262144
262144
262144
262144
262144
262144
262144
262144
262144
262144
262144
262144
262144
262144
262144
262144
262144
262144
262144
262144
262144
262144
262144
262144
262144
262144
262144
262144
262144
262144
262144
262144
262144
262144
262144
262144
262144
262144
262144
262144
262144
262144
262144
262144
262144
262144
262144
262144
262144
262144
262144
262144
262144
262144
262144
262144
262144
262144
262144
262144
262144
262144
262144
262144
262144
262144
262144
262144
262144
262144
262144
262144
262144
262144
262144
262144
262144
262144
262144
262144
262144
262144
262144
262144
262144
262144
262144
262144
262144
262144
262144
262144
262144
262144
262144
262144
262144
262144
262144
262144
262144
262144
262144
262144
262144
262144
262144
262144
262144
262144
262144
262144
262144
262144
262144
262144
262144
262144
262144
262144
262144
262144
262144
262144
262144
262144
262144
262144
262144
262144
262144
262144
262144
262144
262144
262144
262144
262144
262144
262144
262144
262144
262144
262144
262144
262144
262144
262144
262144
262144
262144
262144
262144
262144
262144
262144
262144
262144
262144
262144
262144
262144
262144
262144
262144
262144
262144
262144
262144
262144
262144
262144
262144
262144
262144
262144
262144
262144
262144
262144
262144
262144
262144
262144
262144
262144
262144
262144
262144
262144
262144
262144
262144
262144
262144
262144
262144
262144
262144
262144
262144
262144
262144
262144
262144
262144
262144
262144
262144
262144
262144
262144
262144
262144
262144
262144
262144
262144
262144
262144
262144
262144
262144
262144
262144
262144
262144
262144
262144
262144
262144
262144
262144
262144
262144
262144
262144
262144
262144
262144
262144
262144
262144
262144
262144
262144
262144
262144
262144
262144
262144
262144
262144
262144
262144
262144
262144
262144
262144
262144
262144
262144
262144
262144
262144
262144
262144
262144
262144
262144
262144
262144
262144
262144
262144
262144
262144
262144
262144
262144
262144
262144
262144
262144
262144
262144
262144
262144
262144
262144
262144
262144
262144
262144
262144
262144
262144
262144
262144
262144
262144
262144
262144
262144
262144
262144
262144
262144
262144
262144
262144
262144
262144
262144
262144
262144
262144
262144
262144
262144
262144
262144
262144
262144
262144
262144
262144
262144
262144
262144
262144
262144
262144
262144
262144
262144
