16384
16
2
34958
68757
90034
102423
110895
116156
119307
120973
122081
122802
123246
123529
123694
123770
123821
123845
123860
123871
123879
123881
123883
123884
123886
123888
123888
123888
123888
123888
123888
123888
123888
123888
123888
123888
123888
123888
123888
123888
123888
123888
123888
123888
123888
123888
123888
123888
123888
123888
123888
123888
123888
123888
123888
123888
123888
123888
123888
123888
123888
123888
123888
123888
123888
123888
123888
123888
123888
123888
123888
123888
123888
123888
123888
123888
123888
123888
123888
123888
123888
123888
123888
123888
123888
123888
123888
123888
123888
123888
123888
123888
123888
123888
123888
123888
123888
123888
123888
123888
123888
123888
123888
123888
123888
123888
123888
123888
123888
123888
123888
123888
123888
123888
123888
123888
123888
123888
123888
123888
123888
123888
123888
123888
123888
123888
123888
123889
123889
123889
123889
123889
123889
123889
123889
123889
123889
123889
123889
123889
123889
123889
123889
123889
123889
123889
123889
123889
123889
123889
123889
123889
123889
123889
123889
123889
123889
123889
123889
123889
123889
123889
123889
123889
123889
123889
123889
123889
123889
123889
123889
123889
123889
123889
123889
123889
123889
123889
123889
123889
123889
123889
123889
123889
123889
123889
123889
123889
123889
123889
123889
123889
123889
123889
123889
123889
123889
123889
123889
123889
123889
123889
123889
123889
123889
123889
123889
123889
123889
123889
123889
123889
123889
123889
123889
123889
123889
123889
123889
123889
123889
123889
123889
123889
123889
123889
123889
123889
123889
123889
123889
123889
123889
123889
123889
123889
123889
123889
123889
123889
123889
123889
123889
123889
123889
123889
123889
123889
123889
123889
123889
123889
123889
123889
123889
123889
123889
123889
123889
123889
123889
123889
123889
123889
123889
123889
123889
123889
123889
123889
123889
123889
123889
123889
123889
123889
123889
123889
123889
123889
123889
123889
123889
123889
123889
123889
123889
123889
123889
123889
123889
123889
123889
123889
123889
123889
123889
123889
123889
123889
123889
123889
123889
123889
123889
123889
123889
123889
123889
123889
123889
123889
123889
123889
123889
123889
123889
123889
123889
123889
123889
123889
123889
123889
123889
123889
123889
123889
123889
123889
123889
123889
123889
123889
123889
123889
123889
123889
123889
123889
123889
123889
123889
123889
123889
123889
123889
123889
123889
123889
123889
123889
123889
123889
123889
123889
123889
123889
123889
123889
123889
123889
123889
123889
123889
123889
123889
123889
123889
123889
123889
123889
123889
123889
123889
123889
123889
123889
123889
123889
123889
123889
123889
123889
123889
123889
123889
123889
123889
123889
123889
123889
123889
123889
123889
123889
123889
123889
123889
123889
123889
123889
123889
123889
123889
123889
123889
123889
123889
123889
123889
123889
123889
123889
123889
123889
123889
123889
123889
123889
123889
123889
123889
123889
123889
123889
123889
123889
123889
123889
123889
123889
123889
123889
123889
123889
123889
123889
123889
123889
123889
123889
123889
123889
123889
123889
123889
123889
123889
123889
123889
123889
123889
123889
123889
123889
123889
123889
123889
123889
123889
123889
123889
123889
123889
123889
123889
123889
123889
123889
123889
123889
123889
123889
123889
123889
123889
123889
123889
123889
123889
123889
123889
123889
123889
123889
123889
123889
123889
123889
123889
123889
123889
123889
123889
123889
123889
123889
123889
123889
